0.254545
0.254545
0.254545
3.054545
1.527273
0.254545
1.018182
0.254545
0.254545
0.509091
0.254545
0.254545
1.018182
0.509091
0.254545
1.018182
0.254545
0.254545
1.018182
0.254545
0.254545
1.018182
1.527273
0.254545
5.600000
0.254545
0.254545
0.509091
0.254545
0.254545
1.527273
1.527273
0.254545
1.018182
0.509091
0.254545
0.509091
2.036364
0.254545
3.563636
0.254545
0.254545
1.018182
0.254545
0.254545
3.563636
0.254545
0.254545
1.018182
2.036364
0.254545
0.509091
0.254545
0.254545
3.054545
6.109091
0.254545
3.563636
1.018182
0.254545
0.509091
0.254545
0.254545
0.254545
0.254545
0.254545
1.527273
0.509091
1.018182
2.545455
0.254545
0.254545
0.254545
1.527273
0.254545
0.509091
1.018182
0.254545
2.036364
1.018182
2.036364
3.563636
1.527273
0.509091
4.581818
1.018182
0.509091
4.581818
0.254545
0.254545
2.036364
1.527273
0.254545
1.018182
1.527273
0.254545
1.018182
0.254545
0.509091
0.509091
2.036364
0.254545
0.254545
0.254545
0.254545
0.509091
0.254545
0.254545
0.254545
0.254545
0.254545
2.036364
0.254545
0.254545
0.254545
0.254545
0.254545
1.018182
0.254545
0.254545
3.054545
1.527273
0.254545
0.509091
0.254545
0.254545
4.072727
0.254545
0.254545
1.527273
0.254545
0.254545
4.581818
0.254545
0.254545
0.254545
0.254545
0.254545
2.036364
0.254545
0.254545
1.018182
0.254545
0.254545
0.509091
0.254545
0.254545
0.254545
0.254545
0.254545
0.254545
0.254545
0.254545
1.018182
0.254545
0.254545
0.254545
0.254545
0.254545
0.509091
0.254545
0.254545
1.018182
0.254545
0.254545
0.509091
0.254545
0.254545
5.090909
0.254545
0.254545
2.036364
0.509091
0.254545
0.254545
0.254545
0.254545
1.018182
0.254545
0.254545
1.018182
0.254545
0.254545
1.527273
0.254545
0.254545
0.254545
0.254545
0.254545
0.509091
0.254545
0.254545
1.527273
0.254545
0.254545
0.254545
1.018182
0.254545
1.527273
0.254545
0.254545
3.563636
0.254545
0.254545
2.545455
1.018182
0.254545
0.254545
0.254545
0.254545
0.509091
2.036364
0.254545
3.054545
0.254545
0.254545
3.054545
0.254545
0.254545
3.054545
0.254545
0.254545
6.109091
0.254545
0.254545
1.018182
0.254545
0.254545
0.509091
0.254545
0.254545
1.527273
0.254545
0.254545
0.509091
0.254545
0.254545
2.036364
0.254545
0.254545
1.018182
0.254545
0.254545
0.254545
0.254545
0.254545
0.254545
0.254545
0.254545
0.509091
0.509091
0.254545
0.254545
0.254545
0.254545
2.036364
0.254545
0.254545
0.509091
0.254545
0.254545
0.254545
1.527273
0.254545
4.072727
1.527273
0.254545
2.545455
0.254545
0.254545
2.036364
0.254545
0.254545
5.090909
0.254545
0.254545
3.563636
0.509091
0.254545
0.254545
0.254545
0.254545
0.254545
0.254545
0.254545
0.509091
1.018182
0.254545
2.545455
2.545455
0.254545
1.018182
0.509091
0.254545
2.036364
0.509091
0.254545
1.018182
0.254545
0.254545
1.527273
1.527273
0.254545
2.545455
1.527273
0.254545
4.072727
0.254545
0.254545
0.254545
0.254545
1.018182
1.018182
0.254545
0.254545
2.036364
0.509091
0.254545
1.527273
0.254545
0.254545
2.545455
0.254545
0.254545
5.090909
0.254545
0.254545
2.036364
0.254545
0.254545
0.254545
0.254545
0.254545
2.036364
0.254545
0.254545
2.545455
0.254545
0.254545
2.036364
0.254545
0.254545
2.036364
0.254545
0.254545
14.763636
1.527273
0.254545
2.036364
0.254545
0.254545
3.563636
1.018182
0.254545
2.036364
0.254545
0.254545
0.509091
1.527273
0.254545
2.545455
0.254545
0.254545
3.054545
0.254545
0.254545
0.254545
1.018182
1.527273
2.545455
0.254545
0.254545
1.527273
2.036364
2.036364
3.054545
0.509091
0.254545
3.054545
0.254545
0.254545
1.527273
0.254545
0.254545
1.527273
1.018182
0.254545
1.018182
0.254545
0.254545
2.036364
0.254545
0.254545
0.254545
0.254545
0.254545
0.509091
0.254545
0.254545
1.527273
1.527273
0.254545
2.036364
0.254545
0.254545
0.509091
1.527273
0.254545
1.018182
0.254545
0.254545
7.127273
0.254545
0.254545
1.018182
1.018182
0.254545
0.509091
0.254545
0.254545
3.563636
0.254545
0.254545
2.036364
0.254545
0.254545
1.018182
1.018182
0.254545
1.018182
0.254545
0.254545
2.545455
0.254545
0.254545
2.036364
0.509091
0.254545
0.254545
0.254545
0.254545
1.018182
0.254545
0.254545
0.509091
0.254545
0.254545
1.018182
1.018182
0.254545
2.036364
0.254545
0.254545
3.054545
0.509091
0.254545
1.527273
0.254545
0.254545
1.527273
0.254545
0.254545
0.509091
0.254545
0.254545
0.509091
0.254545
0.254545
0.509091
1.527273
0.254545
2.545455
3.054545
2.545455
4.072727
1.018182
0.509091
2.545455
0.254545
0.254545
0.509091
3.054545
1.527273
5.090909
0.509091
0.254545
1.527273
0.254545
0.254545
1.018182
0.254545
1.527273
1.527273
0.254545
0.254545
1.527273
0.254545
0.254545
2.545455
2.036364
0.254545
1.018182
0.254545
0.254545
0.254545
0.254545
1.018182
4.581818
0.254545
0.254545
0.254545
0.254545
0.254545
2.545455
0.254545
0.254545
3.054545
2.036364
0.509091
2.036364
0.254545
0.254545
0.509091
0.254545
0.254545
1.527273
0.254545
0.254545
3.563636
2.545455
0.254545
2.036364
1.018182
0.254545
1.527273
1.527273
0.254545
1.527273
1.018182
0.254545
2.036364
2.036364
0.254545
1.018182
0.254545
0.254545
2.036364
1.018182
0.254545
1.527273
0.254545
0.254545
2.545455
0.254545
0.254545
3.054545
1.018182
0.254545
0.509091
0.254545
0.254545
2.036364
0.254545
0.254545
2.036364
0.254545
0.254545
1.018182
0.254545
0.254545
0.509091
0.254545
0.254545
5.600000
0.254545
0.254545
0.254545
1.018182
0.254545
1.527273
0.254545
0.254545
0.254545
0.254545
0.254545
7.636364
0.254545
0.254545
0.509091
0.254545
0.254545
1.018182
0.254545
0.254545
1.018182
1.527273
0.254545
2.036364
0.254545
0.254545
1.018182
0.254545
0.254545
4.581818
0.254545
0.254545
4.581818
0.254545
0.254545
1.018182
0.254545
0.254545
0.509091
0.254545
0.254545
2.036364
0.254545
0.254545
5.672727
2.036364
1.018182
2.036364
0.254545
0.254545
2.545455
0.254545
0.254545
2.036364
0.254545
0.254545
0.509091
0.254545
0.254545
2.036364
0.254545
0.254545
3.563636
0.254545
0.254545
0.254545
0.509091
0.254545
2.036364
0.254545
0.254545
2.545455
0.254545
0.254545
0.254545
0.254545
0.254545
1.018182
0.509091
0.254545
0.254545
0.254545
0.254545
0.254545
